{
 "cells": [
  {
   "cell_type": "markdown",
   "metadata": {},
   "source": [
    "# Домашнее задание \"Линейная алгебра. Матрицы\""
   ]
  },
  {
   "cell_type": "markdown",
   "metadata": {},
   "source": [
    "Создайте случайную матрицу А1 размерностью 5 на 5\n",
    "● Транспонируйте матрицу A1\n",
    "● Найдите обратную матрицу для А1\n",
    "● Создайте диагональную матрицу - поэлементно перемножив единичную\n",
    "матрицу I и случайную матрицу A2 размерности 4 на 4\n",
    "● Создайте нулевую матрицу размерности 3 на 3\n",
    "● Для всех полученных матриц найдите: определитель, ранг и собственные\n",
    "значения\n",
    "● Проанализируйте результаты"
   ]
  },
  {
   "cell_type": "code",
   "execution_count": 7,
   "metadata": {},
   "outputs": [],
   "source": [
    "import numpy as np\n",
    "from scipy import linalg"
   ]
  },
  {
   "cell_type": "markdown",
   "metadata": {},
   "source": [
    "Создайте случайную матрицу А1 размерностью 5 на 5"
   ]
  },
  {
   "cell_type": "code",
   "execution_count": 17,
   "metadata": {},
   "outputs": [
    {
     "data": {
      "text/plain": [
       "array([[ 11,   2,   3,   4,   5],\n",
       "       [  6,   7,  80,   9,  10],\n",
       "       [171,  12,  13,  14,  15],\n",
       "       [116,  17,  18,  19, 209],\n",
       "       [251,  22,  23, 247,  25]])"
      ]
     },
     "execution_count": 17,
     "metadata": {},
     "output_type": "execute_result"
    }
   ],
   "source": [
    "A1 = np.array([[11,2,3,4,5],[6,7,80,9,10],[171,12,13,14,15],[116,17,18,19,209],[251,22,23,247,25]])  # создание матрицы\n",
    "A1"
   ]
  },
  {
   "cell_type": "markdown",
   "metadata": {},
   "source": [
    "● Транспонируйте матрицу A1"
   ]
  },
  {
   "cell_type": "code",
   "execution_count": 32,
   "metadata": {},
   "outputs": [
    {
     "data": {
      "text/plain": [
       "array([[ 11,   6, 171, 116, 251],\n",
       "       [  2,   7,  12,  17,  22],\n",
       "       [  3,  80,  13,  18,  23],\n",
       "       [  4,   9,  14,  19, 247],\n",
       "       [  5,  10,  15, 209,  25]])"
      ]
     },
     "execution_count": 32,
     "metadata": {},
     "output_type": "execute_result"
    }
   ],
   "source": [
    "np.transpose(A1)"
   ]
  },
  {
   "cell_type": "markdown",
   "metadata": {},
   "source": [
    "● Найдите обратную матрицу для А1"
   ]
  },
  {
   "cell_type": "code",
   "execution_count": 19,
   "metadata": {},
   "outputs": [
    {
     "data": {
      "text/plain": [
       "array([[-7.01711430e-02,  8.18963866e-04,  8.92198438e-03,\n",
       "         9.35958704e-04,  5.28837654e-04],\n",
       "       [ 1.18068961e+00, -2.88379160e-02, -3.90086439e-02,\n",
       "        -2.23756077e-02, -1.41374883e-02],\n",
       "       [-8.97853771e-02,  1.48557212e-02,  3.58845378e-03,\n",
       "         1.10495125e-03,  6.24322230e-04],\n",
       "       [-2.06891993e-02,  2.93798696e-04, -5.76789798e-03,\n",
       "         3.35769939e-04,  4.67402248e-03],\n",
       "       [-4.74767423e-02,  5.84974190e-04, -1.56366195e-03,\n",
       "         5.95954722e-03,  3.77741181e-04]])"
      ]
     },
     "execution_count": 19,
     "metadata": {},
     "output_type": "execute_result"
    }
   ],
   "source": [
    "A2 = np.linalg.inv(A1) # обратная матрица\n",
    "A2"
   ]
  },
  {
   "cell_type": "code",
   "execution_count": 24,
   "metadata": {},
   "outputs": [
    {
     "data": {
      "text/plain": [
       "array([[ 1.00000000e+00, -3.12250226e-17, -5.72458747e-17,\n",
       "         4.16333634e-16, -5.34294831e-16],\n",
       "       [-4.44089210e-16,  1.00000000e+00, -4.99600361e-16,\n",
       "        -3.99680289e-15,  6.77236045e-15],\n",
       "       [ 0.00000000e+00, -1.73472348e-17,  1.00000000e+00,\n",
       "         3.88578059e-16, -3.17454396e-16],\n",
       "       [ 0.00000000e+00, -1.38777878e-17,  0.00000000e+00,\n",
       "         1.00000000e+00, -5.55111512e-17],\n",
       "       [ 1.11022302e-16,  8.67361738e-18, -1.73472348e-18,\n",
       "         6.93889390e-17,  1.00000000e+00]])"
      ]
     },
     "execution_count": 24,
     "metadata": {},
     "output_type": "execute_result"
    }
   ],
   "source": [
    "A2@A1 #проверка прошла"
   ]
  },
  {
   "cell_type": "code",
   "execution_count": 23,
   "metadata": {},
   "outputs": [
    {
     "data": {
      "text/plain": [
       "array([[ 1.00000000e+00, -3.12250226e-17, -5.72458747e-17,\n",
       "         4.16333634e-16, -5.34294831e-16],\n",
       "       [-4.44089210e-16,  1.00000000e+00, -4.99600361e-16,\n",
       "        -3.99680289e-15,  6.77236045e-15],\n",
       "       [ 0.00000000e+00, -1.73472348e-17,  1.00000000e+00,\n",
       "         3.88578059e-16, -3.17454396e-16],\n",
       "       [ 0.00000000e+00, -1.38777878e-17,  0.00000000e+00,\n",
       "         1.00000000e+00, -5.55111512e-17],\n",
       "       [ 1.11022302e-16,  8.67361738e-18, -1.73472348e-18,\n",
       "         6.93889390e-17,  1.00000000e+00]])"
      ]
     },
     "execution_count": 23,
     "metadata": {},
     "output_type": "execute_result"
    }
   ],
   "source": [
    "A3 = np.dot(A2, A1) #проверка\n",
    "A3"
   ]
  },
  {
   "cell_type": "markdown",
   "metadata": {},
   "source": [
    "● Создайте диагональную матрицу - поэлементно перемножив единичную матрицу I и случайную матрицу A2 размерности 4 на 4\n",
    "\n",
    "#### Задание по поставленным условиям не выполнимо.  Произведение любой матрицы и единичной матрицы подходящего размера равно самой матрице. Возможет только частный случай, а именно случайная матрица будет изначально диагональной."
   ]
  },
  {
   "cell_type": "code",
   "execution_count": 50,
   "metadata": {},
   "outputs": [
    {
     "data": {
      "text/plain": [
       "array([[1., 0., 0., 0.],\n",
       "       [0., 1., 0., 0.],\n",
       "       [0., 0., 1., 0.],\n",
       "       [0., 0., 0., 1.]])"
      ]
     },
     "execution_count": 50,
     "metadata": {},
     "output_type": "execute_result"
    }
   ],
   "source": [
    "A4 = np.eye(4) \n",
    "A5 = np.random.random((4,4))\n",
    "A4"
   ]
  },
  {
   "cell_type": "code",
   "execution_count": 51,
   "metadata": {},
   "outputs": [
    {
     "data": {
      "text/plain": [
       "array([[0.14250315, 0.4702036 , 0.86639898, 0.0704953 ],\n",
       "       [0.30259999, 0.73472108, 0.58535914, 0.77280083],\n",
       "       [0.88159862, 0.9760996 , 0.34711013, 0.31357717],\n",
       "       [0.74307615, 0.39555848, 0.54733941, 0.35348101]])"
      ]
     },
     "execution_count": 51,
     "metadata": {},
     "output_type": "execute_result"
    }
   ],
   "source": [
    "A5"
   ]
  },
  {
   "cell_type": "code",
   "execution_count": 52,
   "metadata": {},
   "outputs": [
    {
     "data": {
      "text/plain": [
       "array([[0.14250315, 0.4702036 , 0.86639898, 0.0704953 ],\n",
       "       [0.30259999, 0.73472108, 0.58535914, 0.77280083],\n",
       "       [0.88159862, 0.9760996 , 0.34711013, 0.31357717],\n",
       "       [0.74307615, 0.39555848, 0.54733941, 0.35348101]])"
      ]
     },
     "execution_count": 52,
     "metadata": {},
     "output_type": "execute_result"
    }
   ],
   "source": [
    "A5@A4"
   ]
  },
  {
   "cell_type": "markdown",
   "metadata": {},
   "source": [
    "● Создайте нулевую матрицу размерности 3 на 3"
   ]
  },
  {
   "cell_type": "code",
   "execution_count": 53,
   "metadata": {},
   "outputs": [
    {
     "data": {
      "text/plain": [
       "array([[0., 0., 0.],\n",
       "       [0., 0., 0.],\n",
       "       [0., 0., 0.]])"
      ]
     },
     "execution_count": 53,
     "metadata": {},
     "output_type": "execute_result"
    }
   ],
   "source": [
    "A6 = np.zeros([3,3])\n",
    "A6"
   ]
  },
  {
   "cell_type": "markdown",
   "metadata": {},
   "source": [
    "● Для всех полученных матриц найдите: определитель, ранг и собственные значения"
   ]
  },
  {
   "cell_type": "code",
   "execution_count": 64,
   "metadata": {},
   "outputs": [
    {
     "name": "stdout",
     "output_type": "stream",
     "text": [
      "Матрица А1\n",
      "Определитель:  -514638090.00000054\n",
      "Ранг:  5\n",
      "Собственные значения:  [ 261.72435278+0.j         -205.60028696+0.j\n",
      "   44.10375568+0.j          -12.61391075+7.59860474j\n",
      "  -12.61391075-7.59860474j]\n",
      "______________________________________________________________________\n",
      "Матрица А2\n",
      "Определитель:  -1.943113071945372e-09\n",
      "Ранг:  5\n",
      "Собственные значения:  [-0.05816895+0.03504091j -0.05816895-0.03504091j  0.02267381+0.j\n",
      "  0.00382081+0.j         -0.00486381+0.j        ]\n",
      "______________________________________________________________________\n",
      "Матрица А3\n",
      "Определитель:  0.9999999999999996\n",
      "Ранг:  5\n",
      "Собственные значения:  [1.+0.00000000e+00j 1.+3.80565279e-16j 1.-3.80565279e-16j\n",
      " 1.+0.00000000e+00j 1.+0.00000000e+00j]\n",
      "______________________________________________________________________\n",
      "Матрица А4\n",
      "Определитель:  1.0\n",
      "Ранг:  4\n",
      "Собственные значения:  [1. 1. 1. 1.]\n",
      "______________________________________________________________________\n",
      "Матрица А5\n",
      "Определитель:  -0.25840599675912973\n",
      "Ранг:  4\n",
      "Собственные значения:  [ 2.16466693+0.j         -0.68682923+0.j          0.04998884+0.41389166j\n",
      "  0.04998884-0.41389166j]\n",
      "______________________________________________________________________\n",
      "Матрица А6\n",
      "Определитель:  0.0\n",
      "Ранг:  0\n",
      "Собственные значения:  [0. 0. 0.]\n"
     ]
    }
   ],
   "source": [
    "print(\"Матрица А1\")\n",
    "print('Определитель: ', np.linalg.det(A1))\n",
    "print('Ранг: ', np.linalg.matrix_rank(A1))\n",
    "print('Собственные значения: ', np.linalg.eigvals(A1))\n",
    "print('______________________________________________________________________')\n",
    "print(\"Матрица А2\")\n",
    "print('Определитель: ', np.linalg.det(A2))\n",
    "print('Ранг: ', np.linalg.matrix_rank(A2))\n",
    "print('Собственные значения: ', np.linalg.eigvals(A2))\n",
    "print('______________________________________________________________________')\n",
    "print(\"Матрица А3\")\n",
    "print('Определитель: ', np.linalg.det(A3))\n",
    "print('Ранг: ', np.linalg.matrix_rank(A3))\n",
    "print('Собственные значения: ', np.linalg.eigvals(A3))\n",
    "print('______________________________________________________________________')\n",
    "print(\"Матрица А4\")\n",
    "print('Определитель: ', np.linalg.det(A4))\n",
    "print('Ранг: ', np.linalg.matrix_rank(A4))\n",
    "print('Собственные значения: ', np.linalg.eigvals(A4))\n",
    "print('______________________________________________________________________')\n",
    "print(\"Матрица А5\")\n",
    "print('Определитель: ', np.linalg.det(A5))\n",
    "print('Ранг: ', np.linalg.matrix_rank(A5))\n",
    "print('Собственные значения: ', np.linalg.eigvals(A5))\n",
    "print('______________________________________________________________________')\n",
    "print(\"Матрица А6\")\n",
    "print('Определитель: ', np.linalg.det(A6))\n",
    "print('Ранг: ', np.linalg.matrix_rank(A6))\n",
    "print('Собственные значения: ', np.linalg.eigvals(A6))"
   ]
  },
  {
   "cell_type": "code",
   "execution_count": null,
   "metadata": {},
   "outputs": [],
   "source": []
  },
  {
   "cell_type": "code",
   "execution_count": null,
   "metadata": {},
   "outputs": [],
   "source": []
  },
  {
   "cell_type": "code",
   "execution_count": null,
   "metadata": {},
   "outputs": [],
   "source": []
  },
  {
   "cell_type": "code",
   "execution_count": null,
   "metadata": {},
   "outputs": [],
   "source": []
  },
  {
   "cell_type": "code",
   "execution_count": null,
   "metadata": {},
   "outputs": [],
   "source": []
  },
  {
   "cell_type": "code",
   "execution_count": null,
   "metadata": {},
   "outputs": [],
   "source": []
  },
  {
   "cell_type": "code",
   "execution_count": null,
   "metadata": {},
   "outputs": [],
   "source": []
  }
 ],
 "metadata": {
  "kernelspec": {
   "display_name": "Python 3",
   "language": "python",
   "name": "python3"
  },
  "language_info": {
   "codemirror_mode": {
    "name": "ipython",
    "version": 3
   },
   "file_extension": ".py",
   "mimetype": "text/x-python",
   "name": "python",
   "nbconvert_exporter": "python",
   "pygments_lexer": "ipython3",
   "version": "3.8.5"
  }
 },
 "nbformat": 4,
 "nbformat_minor": 4
}
